1 0.225625 0.43266666666666664 0.00525 0.009333333333333334
1 0.724875 0.6215 0.00525 0.007666666666666666
1 0.276125 0.43066666666666664 0.00525 0.006
1 0.715 0.6068333333333333 0.006 0.008333333333333333
1 0.272 0.41833333333333333 0.005 0.005333333333333333
1 0.26525 0.3995 0.005 0.005
1 0.256625 0.4135 0.00675 0.007666666666666666
1 0.4285 0.459 0.005 0.006
1 0.699625 0.6321666666666667 0.00525 0.007666666666666666
1 0.406875 0.47333333333333333 0.00475 0.006
1 0.703375 0.5766666666666667 0.00375 0.006
1 0.416625 0.5146666666666667 0.00475 0.008
1 0.4365 0.4681666666666667 0.004 0.005
1 0.40775 0.5026666666666667 0.0065 0.008
