1 0.22562500000000002 0.43266666666666664 0.005250000000000005 0.00933333333333336
1 0.724875 0.6215 0.005249999999999977 0.0076666666666667105
1 0.276125 0.43066666666666664 0.005249999999999977 0.006000000000000005
1 0.715 0.6068333333333333 0.006000000000000005 0.008333333333333304
1 0.272 0.41833333333333333 0.0050000000000000044 0.005333333333333357
1 0.26525 0.3995 0.0050000000000000044 0.0050000000000000044
1 0.256625 0.4135 0.006749999999999978 0.007666666666666655
1 0.4285 0.459 0.0050000000000000044 0.006000000000000005
1 0.699625 0.6321666666666667 0.005249999999999977 0.0076666666666667105
1 0.406875 0.47333333333333333 0.0047499999999999765 0.006000000000000005
1 0.7033750000000001 0.5766666666666667 0.003750000000000031 0.006000000000000005
1 0.416625 0.5146666666666667 0.0047499999999999765 0.008000000000000007
1 0.4365 0.4681666666666667 0.0040000000000000036 0.0050000000000000044
1 0.40775000000000006 0.5026666666666667 0.006500000000000006 0.008000000000000007
